1 1 1 1 1 1 1 1 1 1 1 1 1 1 1
1 3 0 0 0 0 0 0 0 0 0 0 0 2 1
1 0 0 1 0 1 1 1 1 1 0 1 0 0 1
1 0 0 1 0 0 0 2 0 0 0 1 0 0 1
1 0 0 1 0 0 0 1 0 0 0 1 0 0 1
<<<<<<< HEAD
1 0 0 0 0 0 0 1 0 0 0 0 0 0 1
=======
1 0 0 0 0 0 5 1 0 0 0 0 5 0 1
>>>>>>> d6ad19ed95ad6995b728d7d79860a016dee67d28
1 0 1 1 1 0 0 1 0 0 1 1 1 0 1
1 3 0 0 0 0 2 1 3 0 0 0 0 2 1
1 0 1 1 1 0 0 1 0 0 1 1 1 0 1
1 0 0 0 0 0 4 1 0 0 0 0 0 0 1
1 0 0 1 0 0 0 1 0 0 0 1 0 0 1
<<<<<<< HEAD
1 0 0 1 0 0 0 3 0 0 0 1 0 0 1
1 0 0 1 0 1 1 1 1 1 0 1 0 0 1
1 2 0 0 0 0 0 0 0 0 0 0 0 3 1
=======
1 0 0 1 5 0 0 3 0 0 0 1 0 0 1
1 0 0 1 0 1 1 1 1 1 0 1 0 0 1
1 2 0 0 0 0 0 0 0 0 5 0 0 3 1
>>>>>>> d6ad19ed95ad6995b728d7d79860a016dee67d28
1 1 1 1 1 1 1 1 1 1 1 1 1 1 1