1 1 1 1 1 1 1 1 1 1 1 1 1 1 1
<<<<<<< HEAD
=======
<<<<<<< HEAD
>>>>>>> 59a5ba94116c9643de711254db277efedc07a02d
1 0 0 0 0 0 0 3 0 0 0 0 0 0 1
1 0 2 0 1 1 1 1 1 1 1 0 2 0 1
1 0 0 0 0 0 0 0 0 0 0 0 0 0 1
1 0 0 1 0 0 0 0 0 0 0 1 0 0 1
1 0 0 1 0 0 0 1 0 0 0 1 0 0 1
1 0 0 1 0 0 2 1 3 0 0 1 0 0 1
1 0 3 1 0 0 0 1 0 0 2 1 0 0 1
1 0 0 1 0 0 0 1 0 0 0 1 0 0 1
<<<<<<< HEAD
=======
=======
1 0 0 0 0 0 0 3 0 0 0 0 0 5 1
1 0 2 0 1 1 1 1 1 1 1 0 2 0 1
1 0 0 0 0 0 0 0 0 0 0 0 0 0 1
1 0 0 1 0 0 0 0 0 5 0 1 0 0 1
1 0 0 1 0 0 0 1 0 0 0 1 0 0 1
1 0 0 1 0 0 2 1 3 0 0 1 0 0 1
1 0 3 1 0 0 0 1 0 0 2 1 0 0 1
1 0 0 1 0 5 0 1 0 0 0 1 0 0 1
>>>>>>> d6ad19ed95ad6995b728d7d79860a016dee67d28
>>>>>>> 59a5ba94116c9643de711254db277efedc07a02d
1 0 0 1 0 0 0 1 0 0 0 1 0 0 1
1 0 0 1 0 0 0 4 0 0 0 1 0 0 1
1 0 0 0 0 0 0 0 0 0 0 0 0 0 1
1 0 2 0 1 1 1 1 1 1 1 0 2 0 1
<<<<<<< HEAD
1 0 0 0 0 0 0 3 0 0 0 0 0 0 1
=======
<<<<<<< HEAD
1 0 0 0 0 0 0 3 0 0 0 0 0 0 1
=======
1 5 0 0 0 0 0 3 0 0 0 0 0 5 1
>>>>>>> d6ad19ed95ad6995b728d7d79860a016dee67d28
>>>>>>> 59a5ba94116c9643de711254db277efedc07a02d
1 1 1 1 1 1 1 1 1 1 1 1 1 1 1